39
44
47
72
72
46
50
63
71
74
98
85
68
88
79
60
73
100
92
73
62
66
63
48
57
52
47
44
41
45
53
47
38
41
39
55
66
48
59
66
61
71
117
102
67
76
103
119
126
133
127
120
107
111
90
61
75
78
72
80
86
97
101
100
42
43
40
58
86
56
55
68
71
107
149
136
104
103
135
161
150
146
146
151
148
142
135
131
139
142
137
137
138
143
144
143
46
48
51
66
86
64
50
48
50
79
97
90
112
136
156
169
161
161
164
163
156
154
144
142
146
147
157
156
150
149
147
145
69
67
66
50
47
51
40
31
29
35
39
37
59
83
129
170
185
184
183
174
159
150
123
106
98
93
122
131
143
146
147
148
130
108
52
39
36
38
37
36
33
45
60
63
66
69
70
87
145
177
180
170
156
132
98
77
68
52
64
79
96
141
148
146
157
123
42
52
47
29
35
48
45
49
68
79
81
90
91
73
80
126
140
134
135
131
97
57
57
42
39
53
66
130
145
145
162
104
53
61
43
21
30
59
62
62
59
58
71
82
90
93
92
102
105
99
108
111
98
66
59
50
35
35
62
137
141
141
169
101
37
45
38
23
42
64
62
64
51
60
79
85
78
82
93
95
95
85
81
71
77
78
60
60
37
32
38
116
144
137
165
101
39
58
53
27
46
61
51
58
45
79
97
78
72
78
87
93
86
75
68
54
63
80
56
51
34
31
25
87
142
140
148
84
52
65
53
24
37
48
53
59
54
89
103
75
57
69
91
93
79
74
66
46
42
69
57
38
27
25
18
67
137
136
143
74
65
51
36
41
46
24
49
58
70
97
101
83
49
58
89
81
69
69
58
40
34
49
60
34
23
24
19
70
136
130
145
78
58
39
31
94
119
45
40
63
82
89
85
78
43
47
71
64
61
59
50
47
45
35
63
43
21
23
22
82
136
129
155
113
55
29
51
136
162
123
56
51
74
68
61
63
44
42
64
61
57
47
46
54
49
33
62
55
32
30
18
89
144
135
150
127
55
58
114
156
161
165
123
46
40
44
42
45
37
45
70
57
45
45
49
48
40
36
41
35
30
29
19
104
154
133
126
68
70
152
172
163
152
149
164
88
22
33
30
26
27
64
69
50
43
50
50
48
33
43
24
17
39
18
21
110
141
126
154
62
109
176
164
155
147
148
168
125
23
32
23
25
60
98
86
60
45
48
45
32
35
101
47
21
107
50
19
89
140
129
172
158
160
163
160
159
160
157
161
149
60
39
25
34
68
67
52
40
34
37
28
23
84
156
68
18
113
112
31
45
126
143
159
166
161
160
162
160
162
159
153
162
133
55
37
40
62
77
52
43
44
40
51
93
144
158
86
23
80
134
56
17
101
152
153
159
156
159
161
164
168
160
151
155
165
69
28
33
95
165
140
124
119
115
135
157
152
139
104
34
53
132
92
19
95
150
154
154
157
159
154
158
162
155
156
156
168
85
15
29
112
177
171
171
165
158
154
154
150
146
123
42
64
147
129
29
95
154
153
155
161
160
148
141
143
142
154
156
160
102
20
36
129
173
166
159
154
151
145
146
145
151
142
47
90
158
146
48
96
155
153
153
155
148
147
147
144
142
148
146
146
114
23
45
149
171
159
149
152
151
146
142
132
138
127
37
99
143
140
63
93
150
149
143
145
129
137
156
155
154
148
137
135
110
24
31
132
162
147
142
145
136
129
128
123
131
102
23
101
131
137
62
66
145
137
143
150
136
141
160
152
142
139
137
135
106
26
14
64
138
150
142
141
129
117
113
118
128
83
20
105
128
130
60
40
133
143
149
152
151
157
152
137
127
141
136
125
106
36
76
39
45
99
128
135
132
125
122
118
112
51
20
101
129
124
62
44
127
140
143
152
150
155
151
145
143
154
142
126
114
32
107
99
36
40
90
121
125
122
124
119
93
43
50
88
108
112
66
66
116
132
131
143
152
161
159
157
156
149
139
131
111
25
88
129
88
45
62
97
109
127
121
108
83
78
102
105
94
97
93
95
105
127
122
133
144
151
148
149
153
146
134
127
92
45
104
122
109
66
68
97
105
123
120
118
111
118
114
114
108
93
102
101
110
118
118
127
130
126
117
121
129
136
126
125
105
96
129
125
120
108
118
132
123
127
125
128
118
110
105
114
121
115
119
112
119
124
129
134
125
118
106
108
124
137
133
138
129
117
131
127
127
125
136
140
125
128
122
110
103
105
109
114
128
126
119
119
111
123
124
124
114
120
117
117
127
134
131
127
124
121
123
120
118
111
119
124
102
118
117
89
83
107
110
97
113
117
100
99
96
