28
30
33
62
63
31
29
42
55
67
92
76
57
75
69
57
74
98
86
71
59
62
57
42
51
46
41
38
37
43
52
46
27
27
21
38
60
39
41
47
48
72
120
103
66
75
110
134
146
153
146
139
125
130
109
76
82
85
82
91
99
112
117
115
34
33
24
38
82
52
43
55
65
113
157
142
108
108
152
185
179
178
180
184
182
177
171
165
166
168
165
167
169
175
177
176
45
49
46
55
83
62
44
45
54
91
108
100
119
144
177
194
191
198
206
205
200
200
193
192
194
194
203
199
192
191
189
187
77
84
80
53
44
46
37
38
47
58
61
57
77
102
155
199
218
228
235
229
217
211
188
174
168
159
179
181
189
190
190
192
149
138
81
56
34
31
40
55
66
85
101
101
101
104
107
124
188
232
246
241
230
211
180
163
155
129
128
132
142
184
189
187
193
157
66
75
52
32
65
101
105
110
127
133
130
138
149
134
149
204
226
222
220
216
187
153
153
126
110
120
127
177
187
184
208
137
71
87
58
32
71
131
140
134
127
120
126
137
159
171
177
194
201
197
199
199
191
166
159
136
108
110
135
189
186
178
217
138
58
73
62
31
67
126
142
139
121
126
139
144
148
159
177
186
191
186
178
165
175
183
161
144
107
102
106
168
190
175
217
143
63
89
83
33
60
113
131
135
117
149
164
144
143
155
172
184
183
180
168
151
164
187
156
132
97
92
84
135
188
179
203
132
80
97
83
31
50
96
126
136
131
165
178
149
130
146
176
184
175
175
162
139
139
171
153
112
80
72
64
109
182
177
201
127
98
83
62
51
68
72
110
133
150
177
182
163
123
135
174
172
164
162
145
123
121
143
149
100
65
58
51
101
178
174
205
132
92
69
53
111
154
94
90
135
165
171
170
161
116
123
155
155
154
143
127
120
122
119
144
100
52
45
41
104
175
175
212
156
81
52
78
169
209
173
101
121
155
147
141
140
103
104
140
147
144
127
121
125
117
100
124
91
43
37
27
107
185
182
202
158
74
78
150
205
215
216
169
109
107
108
105
105
85
103
144
138
125
114
117
114
99
89
83
53
30
28
20
121
197
179
174
100
95
181
215
216
209
203
213
138
70
76
71
69
84
132
144
126
108
92
94
99
86
91
54
29
49
23
16
123
183
171
198
96
143
217
214
210
203
203
219
168
58
62
48
54
117
164
149
115
84
61
64
67
79
145
68
28
128
66
10
96
178
172
214
196
202
212
214
212
212
211
215
194
96
68
47
57
111
116
94
70
49
35
37
49
122
199
88
18
139
143
28
48
160
184
203
207
205
211
215
208
207
207
205
210
173
85
58
58
92
112
82
63
53
44
66
121
178
200
114
16
103
180
67
16
132
191
199
201
201
209
211
207
206
201
200
201
202
94
43
44
121
199
174
152
139
135
162
192
186
183
142
20
69
191
119
18
123
188
200
197
201
207
199
198
198
195
200
195
204
106
19
34
143
214
207
210
205
193
191
194
187
190
162
33
75
201
166
35
121
197
191
194
203
203
189
180
182
182
193
190
197
122
15
36
161
209
201
203
204
193
185
186
185
193
174
50
100
198
185
65
120
201
183
185
189
184
185
186
183
181
185
177
185
135
18
41
168
202
197
195
199
191
184
181
171
178
156
41
110
178
174
76
109
191
172
168
172
159
172
193
192
191
182
168
174
132
20
25
137
185
188
187
185
172
164
163
158
167
126
26
112
164
166
67
72
176
159
165
175
165
174
194
187
177
172
168
173
127
23
9
62
151
183
180
176
162
149
145
150
160
101
20
116
158
155
63
41
157
168
176
182
183
190
185
170
161
173
167
163
127
34
72
40
50
113
153
168
161
153
150
146
139
65
20
113
155
146
72
46
146
173
178
190
189
189
183
177
176
185
172
164
135
30
107
110
35
32
102
154
152
148
149
145
117
52
49
100
131
135
87
74
134
169
169
182
192
197
192
189
188
181
170
166
131
25
89
146
90
34
69
126
133
148
143
129
104
89
105
119
115
118
117
109
124
158
153
164
176
186
183
183
186
178
165
155
108
48
106
136
121
73
79
114
121
139
136
133
127
136
130
131
125
110
121
118
128
142
142
150
154
155
148
151
158
164
152
147
121
105
136
138
134
121
131
145
138
142
140
143
133
128
123
131
138
131
134
128
134
140
145
150
142
139
128
131
148
161
152
155
145
132
145
142
142
138
149
154
140
144
138
126
119
120
124
130
145
142
131
130
122
134
136
136
125
132
131
134
147
154
145
140
139
139
141
135
132
125
132
137
117
135
133
106
98
118
121
112
130
132
106
104
101
