35
34
44
83
84
49
47
62
77
83
108
96
80
99
82
59
72
103
99
80
67
67
60
46
63
60
55
53
51
56
64
58
30
28
31
58
78
53
54
60
60
81
131
117
82
92
123
140
149
161
159
152
136
137
111
80
98
106
107
121
128
136
140
138
36
33
30
54
95
60
48
57
67
120
169
157
125
127
172
204
197
199
202
207
201
190
179
171
176
186
192
202
207
208
209
208
52
50
47
61
89
64
40
36
46
94
117
111
133
161
198
220
220
226
232
229
218
210
196
189
186
193
215
224
225
226
224
223
95
87
74
47
43
42
26
22
29
42
48
47
70
98
159
212
237
244
245
232
212
196
164
142
129
129
167
184
206
222
224
225
175
143
70
40
26
23
23
32
37
45
58
62
65
71
83
111
181
221
226
211
191
161
121
97
90
76
92
111
141
210
220
217
223
166
53
50
35
22
38
54
54
55
72
81
81
89
100
89
105
157
174
166
160
151
119
81
79
61
56
71
95
190
222
215
238
146
55
56
33
21
37
67
74
76
70
66
75
86
101
109
113
128
135
132
134
133
126
99
85
68
49
48
84
191
224
214
244
142
38
41
34
17
33
62
77
80
63
71
87
93
90
98
114
121
125
118
107
94
105
111
85
76
47
41
54
162
223
212
239
139
38
56
54
20
30
54
67
74
58
92
111
92
85
94
108
119
116
107
93
75
90
111
80
65
40
36
34
124
219
217
220
120
48
62
55
24
31
47
68
75
69
107
123
95
71
85
112
119
108
101
87
63
64
97
82
52
32
27
22
97
212
216
214
107
60
46
37
55
66
38
60
72
87
117
126
109
65
74
110
107
97
91
73
50
49
73
86
50
28
26
20
95
210
211
214
108
51
33
32
124
166
75
48
75
100
111
113
106
58
62
92
90
88
76
58
51
54
54
89
60
26
24
21
105
211
212
213
129
48
33
75
188
229
176
87
71
89
80
75
79
51
52
83
83
79
63
54
57
52
44
83
63
26
24
17
118
222
221
199
136
57
79
166
227
238
236
180
79
54
47
43
49
40
57
92
78
63
57
57
53
44
46
56
36
23
22
17
138
233
221
180
91
92
194
236
240
233
227
231
130
43
37
30
29
37
82
93
72
55
48
48
53
49
65
37
23
53
25
17
139
216
212
215
103
155
241
240
237
230
230
243
175
49
38
19
23
69
115
104
71
45
35
38
42
66
140
63
32
144
78
15
111
209
210
240
216
225
243
243
240
239
238
241
206
90
45
16
24
73
80
64
43
28
29
32
46
131
213
93
27
160
160
35
59
188
220
233
234
234
242
245
236
235
235
233
229
173
66
29
29
75
102
76
59
54
57
78
135
203
229
126
25
124
199
74
24
156
224
229
231
230
237
241
236
234
230
232
234
219
90
25
29
130
216
193
171
160
161
186
216
220
220
157
27
86
209
124
24
145
219
229
226
230
235
231
230
230
226
234
236
235
116
14
29
165
248
242
243
234
226
223
225
224
227
178
41
91
222
178
43
140
226
223
226
234
235
224
216
218
218
229
230
232
141
17
34
183
245
242
239
234
228
221
222
222
227
192
61
118
224
208
78
137
227
218
221
226
221
222
223
219
217
222
216
220
156
23
42
188
235
237
230
228
225
221
217
208
210
174
55
129
206
201
91
126
217
212
207
212
199
210
229
228
227
219
206
209
154
29
30
155
213
222
219
214
206
200
199
194
199
145
42
134
194
193
83
90
203
200
205
216
205
211
230
223
213
208
205
209
153
37
21
81
174
208
208
205
196
184
180
186
192
122
38
141
190
184
81
60
184
207
215
221
222
226
221
205
196
208
203
199
155
52
90
61
67
129
175
198
195
187
184
180
171
87
40
140
188
178
93
68
175
207
212
224
224
224
218
212
211
220
207
200
165
52
129
135
48
39
118
185
187
182
183
179
149
75
71
128
166
168
112
98
164
201
201
215
225
230
226
223
222
214
201
197
158
47
112
174
108
45
87
156
168
183
178
164
137
117
133
150
151
153
149
139
158
191
187
197
209
218
215
214
217
208
192
180
131
68
127
169
153
100
104
142
158
177
173
171
164
171
165
167
162
148
160
157
168
176
176
184
188
186
178
181
189
195
182
176
149
131
163
174
171
153
159
173
173
179
177
179
170
165
160
169
175
169
175
168
175
176
180
186
177
171
159
163
179
193
189
192
182
169
182
180
178
170
177
181
172
176
171
158
152
156
162
167
183
180
170
170
162
171
171
171
160
165
163
167
180
189
186
183
182
183
184
174
167
156
159
163
145
162
161
133
127
152
157
148
167
170
144
142
140
